/usr/local/lib/python3.13/dist-packages/torch/nn/modules/linear.py:134: UserWarning: Requested unified CUBLASLT workspace size of 1048576 bytes exceeds CUBLAS workspace size of 131072 bytes. Please increase CUBLAS workspace size via CUBLAS_WORKSPACE_CONFIG or decrease requested CUBLASLT_WORKSPACE_SIZE. Otherwise CUBLASLT workspace size will be limited to the CUBLAS workspace size. (Triggered internally at /pytorch/aten/src/ATen/cuda/CublasHandlePool.cpp:228.)
  return F.linear(input, self.weight, self.bias)
PYTHON_VERSION=3.13.15
TORCH_VERSION=2.11.0+cu128
CUDA_AVAILABLE=True
GPU_NAME=Tesla T4
DEVICE=cuda
PREDECLARED_ROBUSTNESS_SEEDS=316,42,2026,5858,1234
SEEDS_SELECTED_AFTER_PERFORMANCE=False
CONFIG=window_size=200,feature_size=1,num_classes=5,d_model=128,nhead=8,num_layers=4,kv_heads=4,dropout=0.1,batch_size=64,learning_rate=0.0002,weight_decay=0.0001,gradient_clip=1.0,max_epochs=50,patience=7,criterion=CrossEntropyLoss,optimizer=AdamW,checkpoint=Validation_loss
STRICT_EXPANDED_SHA256=54CC016782D14343578E738C84B0CC2AC3CBFFE1871C3A1D005F87B272229A8B
MILD_EXPANDED_SHA256=2C3A968D209C41ED23C89935E65D441946E2FE344E862B29E4954444B82F43AC
REFERENCE_COMMIT=2c0e7ac2aa52813c0899b2f8ba7c6394ace2e959
REFERENCE_MODEL=models/transformer/model_utils.py:TrajectoryTransformer
VALIDATION_IDENTICAL=True
STRICT_EXPANDED_TRAIN_COUNTS=129,129,129,129,129
MILD_EXPANDED_TRAIN_COUNTS=129,129,129,129,129
VALIDATION_COUNTS=30,30,30,30,30
INTERNAL_TEST_USED=False
=== SEED 316 START ===
SEED_316_STRICT_EXPANDED_SCALER_FIT=TRAIN_ONLY
SEED_316_STRICT_EXPANDED_MODEL_PARAMETERS=728494
=== SEED_316_STRICT_EXPANDED EPOCH METRICS ===
epoch,train_loss,val_loss,val_accuracy,val_macro_f1
1,1.562910,1.031237,0.666667,0.659777
2,1.095249,1.020172,0.700000,0.690369
3,1.028115,1.013301,0.686667,0.686946
4,0.966820,1.093702,0.640000,0.618894
5,0.967052,1.056732,0.646667,0.645684
6,0.918875,0.978615,0.706667,0.699696
7,0.910007,1.060872,0.686667,0.663148
8,0.911043,0.927954,0.693333,0.691494
9,0.904914,1.050994,0.700000,0.682380
10,0.910165,0.899276,0.693333,0.691449
11,0.858273,0.942857,0.700000,0.686792
12,0.839002,0.945063,0.706667,0.705993
13,0.856377,0.889174,0.700000,0.694504
14,0.818925,0.946298,0.693333,0.682668
15,0.829299,0.890618,0.733333,0.726026
16,0.799890,0.919765,0.706667,0.699979
17,0.774695,0.916500,0.706667,0.702105
18,0.786282,0.961144,0.680000,0.678403
19,0.784499,0.917262,0.720000,0.716001
20,0.746648,0.913469,0.733333,0.727674
SEED_316_MILD_EXPANDED_SCALER_FIT=TRAIN_ONLY
SEED_316_MILD_EXPANDED_MODEL_PARAMETERS=728494
=== SEED_316_MILD_EXPANDED EPOCH METRICS ===
epoch,train_loss,val_loss,val_accuracy,val_macro_f1
1,1.494290,1.041494,0.586667,0.570576
2,1.082350,1.042676,0.680000,0.679148
3,1.034311,0.992630,0.686667,0.675559
4,0.980439,0.983679,0.693333,0.679382
5,0.890186,0.941061,0.706667,0.700888
6,0.878878,0.923482,0.713333,0.706097
7,0.888496,1.033782,0.666667,0.648351
8,0.884649,1.007474,0.686667,0.682936
9,0.866062,0.961202,0.693333,0.665272
10,0.860014,0.945397,0.726667,0.722507
11,0.818558,0.941651,0.713333,0.699332
12,0.774493,0.914222,0.753333,0.746257
13,0.804331,0.908459,0.713333,0.702807
14,0.810671,1.018976,0.700000,0.682305
15,0.774141,0.995552,0.666667,0.654419
16,0.771433,0.906195,0.733333,0.726430
17,0.721947,0.908044,0.700000,0.687252
18,0.754457,1.032505,0.633333,0.631261
19,0.763456,0.980721,0.680000,0.643838
20,0.759282,0.960173,0.686667,0.682056
21,0.708867,0.889920,0.700000,0.688221
22,0.694461,0.874848,0.686667,0.680636
23,0.702667,0.953220,0.673333,0.645674
24,0.655009,0.842050,0.726667,0.720097
25,0.649773,0.893788,0.720000,0.708926
26,0.667413,0.949314,0.713333,0.695667
27,0.646531,0.863202,0.713333,0.696270
28,0.608137,0.958312,0.700000,0.685575
29,0.651373,0.892629,0.713333,0.704112
30,0.665400,0.908421,0.700000,0.686583
31,0.591204,1.130676,0.533333,0.495194
=== SEED 316 STRICT_EXPANDED RESULT ===
best_epoch=13
stop_epoch=20
val_loss=0.889174
accuracy=0.700000
macro_f1=0.694504
highest_macro_f1=0.727674 epoch=20 diagnostic_only=True
class,recall,f1
WALK,0.966667,0.852941
BIKE,0.766667,0.836364
CAR,0.400000,0.428571
BUS,0.633333,0.633333
SUBWAY,0.733333,0.721311
=== SEED 316 MILD_EXPANDED RESULT ===
best_epoch=24
stop_epoch=31
val_loss=0.842050
accuracy=0.726667
macro_f1=0.720097
highest_macro_f1=0.746257 epoch=12 diagnostic_only=True
class,recall,f1
WALK,0.966667,0.852941
BIKE,0.800000,0.842105
CAR,0.433333,0.490566
BUS,0.700000,0.656250
SUBWAY,0.733333,0.758621
=== SEED 316 MILD - STRICT ===
accuracy_delta=0.026667
macro_f1_delta=0.025592
=== SEED 42 START ===
SEED_42_STRICT_EXPANDED_SCALER_FIT=TRAIN_ONLY
SEED_42_STRICT_EXPANDED_MODEL_PARAMETERS=728494
=== SEED_42_STRICT_EXPANDED EPOCH METRICS ===
epoch,train_loss,val_loss,val_accuracy,val_macro_f1
1,1.470089,1.214255,0.540000,0.507974
2,1.138624,1.042005,0.666667,0.648036
3,1.001065,1.016525,0.660000,0.642982
4,0.965239,1.078248,0.640000,0.633740
5,0.920351,1.108875,0.673333,0.660269
6,0.920700,1.162762,0.566667,0.535777
7,0.889008,1.271575,0.506667,0.446886
8,0.907310,0.971812,0.693333,0.688259
9,0.869269,1.065814,0.593333,0.582476
10,0.879767,1.248896,0.566667,0.545200
11,0.854828,0.945810,0.700000,0.690663
12,0.856043,0.976050,0.686667,0.676147
13,0.863531,1.009592,0.686667,0.680828
14,0.855033,1.071862,0.580000,0.555755
15,0.802841,0.944723,0.680000,0.674600
16,0.819925,0.933148,0.713333,0.700491
17,0.801955,0.922778,0.720000,0.719834
18,0.755687,0.989535,0.680000,0.674078
19,0.818284,0.920757,0.693333,0.691908
20,0.764786,1.139586,0.580000,0.552599
21,0.771407,0.922012,0.726667,0.723678
22,0.777229,1.065010,0.693333,0.689606
23,0.729862,0.987970,0.720000,0.712648
24,0.710030,0.996891,0.666667,0.666866
25,0.724906,0.986393,0.706667,0.699130
26,0.693646,1.010585,0.706667,0.702748
SEED_42_MILD_EXPANDED_SCALER_FIT=TRAIN_ONLY
SEED_42_MILD_EXPANDED_MODEL_PARAMETERS=728494
=== SEED_42_MILD_EXPANDED EPOCH METRICS ===
epoch,train_loss,val_loss,val_accuracy,val_macro_f1
1,1.385062,1.138268,0.580000,0.544296
2,1.098388,1.127113,0.580000,0.527422
3,1.029806,0.983201,0.680000,0.664056
4,0.974879,1.064934,0.586667,0.560568
5,0.917686,1.055121,0.580000,0.552285
6,0.894509,0.956807,0.726667,0.714608
7,0.890514,0.995199,0.666667,0.644414
8,0.869991,0.993006,0.713333,0.699256
9,0.841803,0.964203,0.720000,0.710155
10,0.842399,0.956285,0.700000,0.687723
11,0.812808,0.916274,0.733333,0.715618
12,0.841039,1.086471,0.586667,0.555303
13,0.889580,0.920204,0.713333,0.701459
14,0.786420,0.898114,0.713333,0.696135
15,0.812413,0.890197,0.726667,0.719039
16,0.784476,1.000012,0.686667,0.665740
17,0.774707,0.871251,0.720000,0.713699
18,0.756107,0.877030,0.733333,0.716967
19,0.769193,1.117714,0.573333,0.556743
20,0.792490,0.842891,0.673333,0.649863
21,0.733005,0.898923,0.740000,0.730662
22,0.721464,0.900225,0.680000,0.677669
23,0.717137,0.910408,0.726667,0.713785
24,0.689580,0.895010,0.673333,0.668579
25,0.699713,0.975988,0.693333,0.682013
26,0.689134,0.835088,0.733333,0.712704
27,0.652301,1.079585,0.546667,0.513690
28,0.699275,0.895283,0.706667,0.699394
29,0.672202,0.885582,0.680000,0.648674
30,0.654708,0.900433,0.686667,0.674312
31,0.602200,0.904337,0.686667,0.671275
32,0.600934,0.909585,0.700000,0.685027
33,0.574296,0.904668,0.686667,0.671872
=== SEED 42 STRICT_EXPANDED RESULT ===
best_epoch=19
stop_epoch=26
val_loss=0.920757
accuracy=0.693333
macro_f1=0.691908
highest_macro_f1=0.723678 epoch=21 diagnostic_only=True
class,recall,f1
WALK,0.933333,0.835821
BIKE,0.766667,0.836364
CAR,0.433333,0.433333
BUS,0.600000,0.620690
SUBWAY,0.733333,0.733333
=== SEED 42 MILD_EXPANDED RESULT ===
best_epoch=26
stop_epoch=33
val_loss=0.835088
accuracy=0.733333
macro_f1=0.712704
highest_macro_f1=0.730662 epoch=21 diagnostic_only=True
class,recall,f1
WALK,1.000000,0.869565
BIKE,0.800000,0.813559
CAR,0.300000,0.400000
BUS,0.800000,0.738462
SUBWAY,0.766667,0.741935
=== SEED 42 MILD - STRICT ===
accuracy_delta=0.040000
macro_f1_delta=0.020796
=== SEED 2026 START ===
SEED_2026_STRICT_EXPANDED_SCALER_FIT=TRAIN_ONLY
SEED_2026_STRICT_EXPANDED_MODEL_PARAMETERS=728494
=== SEED_2026_STRICT_EXPANDED EPOCH METRICS ===
epoch,train_loss,val_loss,val_accuracy,val_macro_f1
1,1.306001,1.023530,0.593333,0.564918
2,1.067351,1.039264,0.640000,0.616481
3,0.980469,1.000993,0.673333,0.660435
4,0.997629,1.066908,0.673333,0.657297
5,0.919857,1.146384,0.553333,0.519762
6,0.923518,0.908143,0.693333,0.693189
7,0.898937,1.030328,0.706667,0.687508
8,0.901877,0.954785,0.666667,0.656762
9,0.867266,0.967372,0.700000,0.694827
10,0.843077,0.928348,0.713333,0.703543
11,0.859463,0.893402,0.720000,0.715696
12,0.861416,1.028639,0.620000,0.612672
13,0.833172,0.889503,0.713333,0.708718
14,0.813544,0.967803,0.660000,0.658069
15,0.797849,1.004483,0.686667,0.681303
16,0.847913,0.927967,0.686667,0.686079
17,0.834297,0.942360,0.713333,0.702911
18,0.796280,0.862208,0.706667,0.703676
19,0.777618,1.096168,0.600000,0.584940
20,0.795885,0.909221,0.713333,0.713019
21,0.760051,0.889421,0.706667,0.704628
22,0.740658,0.921391,0.700000,0.699644
23,0.727297,0.916712,0.693333,0.697600
24,0.690377,0.874950,0.686667,0.683248
25,0.731713,0.856674,0.700000,0.699541
26,0.694918,0.973223,0.680000,0.679703
27,0.691838,0.898590,0.726667,0.722858
28,0.665655,0.885073,0.693333,0.695612
29,0.702102,0.894848,0.706667,0.704906
30,0.660169,0.902353,0.726667,0.721521
31,0.631581,0.973505,0.686667,0.688364
32,0.641198,1.030588,0.700000,0.691778
SEED_2026_MILD_EXPANDED_SCALER_FIT=TRAIN_ONLY
SEED_2026_MILD_EXPANDED_MODEL_PARAMETERS=728494
=== SEED_2026_MILD_EXPANDED EPOCH METRICS ===
epoch,train_loss,val_loss,val_accuracy,val_macro_f1
1,1.237643,1.091585,0.600000,0.594786
2,1.042366,1.214287,0.480000,0.412300
3,1.006646,0.972475,0.700000,0.703456
4,0.920876,0.974692,0.686667,0.681329
5,0.894698,0.930357,0.693333,0.673490
6,0.853918,0.906942,0.713333,0.701546
7,0.873022,0.940489,0.713333,0.703016
8,0.827514,0.993362,0.680000,0.676739
9,0.844529,0.919737,0.720000,0.713572
10,0.827239,0.986082,0.673333,0.668470
11,0.829151,0.931486,0.733333,0.706674
12,0.824847,0.936324,0.693333,0.687400
13,0.854746,0.881798,0.713333,0.691438
14,0.801665,0.914074,0.746667,0.734976
15,0.812790,0.856029,0.733333,0.723255
16,0.777176,0.927229,0.700000,0.676585
17,0.758838,0.922449,0.706667,0.705029
18,0.787137,0.887988,0.740000,0.724345
19,0.806132,0.851260,0.753333,0.745428
20,0.787918,0.850442,0.700000,0.677526
21,0.740681,0.906406,0.713333,0.707509
22,0.767687,0.900269,0.760000,0.749836
23,0.727586,0.916325,0.693333,0.687573
24,0.735517,0.805430,0.753333,0.745664
25,0.703721,0.935823,0.693333,0.674815
26,0.724231,0.785504,0.733333,0.730856
27,0.687698,0.808991,0.720000,0.702183
28,0.668105,0.845433,0.700000,0.699671
29,0.644035,0.997044,0.673333,0.653258
30,0.672733,0.854810,0.726667,0.721830
31,0.674150,0.822785,0.746667,0.742578
32,0.620420,0.887573,0.706667,0.697927
33,0.610805,0.872014,0.686667,0.676992
=== SEED 2026 STRICT_EXPANDED RESULT ===
best_epoch=25
stop_epoch=32
val_loss=0.856674
accuracy=0.700000
macro_f1=0.699541
highest_macro_f1=0.722858 epoch=27 diagnostic_only=True
class,recall,f1
WALK,0.833333,0.806452
BIKE,0.800000,0.827586
CAR,0.500000,0.508475
BUS,0.700000,0.688525
SUBWAY,0.666667,0.666667
=== SEED 2026 MILD_EXPANDED RESULT ===
best_epoch=26
stop_epoch=33
val_loss=0.785504
accuracy=0.733333
macro_f1=0.730856
highest_macro_f1=0.749836 epoch=22 diagnostic_only=True
class,recall,f1
WALK,0.866667,0.825397
BIKE,0.766667,0.821429
CAR,0.500000,0.566038
BUS,0.800000,0.695652
SUBWAY,0.733333,0.745763
=== SEED 2026 MILD - STRICT ===
accuracy_delta=0.033333
macro_f1_delta=0.031315
=== SEED 5858 START ===
SEED_5858_STRICT_EXPANDED_SCALER_FIT=TRAIN_ONLY
SEED_5858_STRICT_EXPANDED_MODEL_PARAMETERS=728494
=== SEED_5858_STRICT_EXPANDED EPOCH METRICS ===
epoch,train_loss,val_loss,val_accuracy,val_macro_f1
1,1.397876,1.219334,0.500000,0.470518
2,1.138236,1.205039,0.440000,0.377740
3,1.064897,1.178221,0.493333,0.427046
4,0.982401,0.960378,0.666667,0.664779
5,0.955525,1.006264,0.693333,0.694192
6,0.930082,1.117367,0.573333,0.564736
7,0.911741,1.007246,0.706667,0.700261
8,0.901410,0.959059,0.686667,0.686406
9,0.864387,0.947953,0.686667,0.682475
10,0.878707,0.990854,0.686667,0.672715
11,0.873967,0.957738,0.693333,0.692455
12,0.865966,1.043820,0.686667,0.683283
13,0.849789,0.891257,0.693333,0.690630
14,0.831038,0.988791,0.686667,0.683688
15,0.822665,1.004711,0.680000,0.678581
16,0.833590,0.935495,0.713333,0.706507
17,0.829863,1.051708,0.560000,0.550213
18,0.887433,0.934502,0.686667,0.686069
19,0.859740,0.920402,0.720000,0.717909
20,0.773233,0.989449,0.640000,0.644183
SEED_5858_MILD_EXPANDED_SCALER_FIT=TRAIN_ONLY
SEED_5858_MILD_EXPANDED_MODEL_PARAMETERS=728494
=== SEED_5858_MILD_EXPANDED EPOCH METRICS ===
epoch,train_loss,val_loss,val_accuracy,val_macro_f1
1,1.328326,1.181581,0.580000,0.545052
2,1.097248,1.016329,0.613333,0.612568
3,1.037611,1.094677,0.620000,0.560445
4,0.979152,1.034900,0.666667,0.659616
5,0.963130,0.961200,0.646667,0.630138
6,0.909814,1.003147,0.693333,0.682398
7,0.900248,1.041940,0.680000,0.664355
8,0.857588,0.941210,0.720000,0.710126
9,0.853504,0.904266,0.740000,0.740126
10,0.840240,0.950724,0.673333,0.660644
11,0.845059,0.982844,0.700000,0.665316
12,0.838346,0.910431,0.726667,0.719575
13,0.825919,0.937147,0.693333,0.680113
14,0.809693,1.014835,0.593333,0.596478
15,0.821851,0.923446,0.706667,0.693504
16,0.763091,0.983380,0.673333,0.677205
=== SEED 5858 STRICT_EXPANDED RESULT ===
best_epoch=13
stop_epoch=20
val_loss=0.891257
accuracy=0.693333
macro_f1=0.690630
highest_macro_f1=0.717909 epoch=19 diagnostic_only=True
class,recall,f1
WALK,0.966667,0.816901
BIKE,0.733333,0.830189
CAR,0.400000,0.436364
BUS,0.666667,0.606061
SUBWAY,0.700000,0.763636
=== SEED 5858 MILD_EXPANDED RESULT ===
best_epoch=9
stop_epoch=16
val_loss=0.904266
accuracy=0.740000
macro_f1=0.740126
highest_macro_f1=0.740126 epoch=9 diagnostic_only=True
class,recall,f1
WALK,0.966667,0.828571
BIKE,0.700000,0.807692
CAR,0.566667,0.576271
BUS,0.700000,0.666667
SUBWAY,0.766667,0.821429
=== SEED 5858 MILD - STRICT ===
accuracy_delta=0.046667
macro_f1_delta=0.049496
=== SEED 1234 START ===
SEED_1234_STRICT_EXPANDED_SCALER_FIT=TRAIN_ONLY
SEED_1234_STRICT_EXPANDED_MODEL_PARAMETERS=728494
=== SEED_1234_STRICT_EXPANDED EPOCH METRICS ===
epoch,train_loss,val_loss,val_accuracy,val_macro_f1
1,1.595074,1.208120,0.493333,0.431827
2,1.095081,1.052058,0.613333,0.604040
3,1.093078,1.114967,0.666667,0.653813
4,0.970515,1.067769,0.640000,0.624950
5,0.968225,1.000854,0.673333,0.670719
6,0.922979,1.006007,0.686667,0.678697
7,0.922348,0.964392,0.693333,0.695582
8,0.895133,1.047129,0.680000,0.665647
9,0.889756,0.992913,0.686667,0.690861
10,0.884347,0.972787,0.706667,0.696718
11,0.871762,1.000854,0.666667,0.655732
12,0.851829,0.936639,0.713333,0.715614
13,0.852603,1.002720,0.686667,0.678949
14,0.861284,1.134389,0.526667,0.500116
15,0.898086,0.952373,0.680000,0.678195
16,0.827812,0.921415,0.700000,0.700744
17,0.834953,0.974144,0.700000,0.692409
18,0.800967,0.916202,0.720000,0.717183
19,0.793042,0.979617,0.673333,0.668525
20,0.775473,0.948669,0.693333,0.697194
21,0.786703,0.924978,0.700000,0.698134
22,0.753773,0.949681,0.686667,0.687990
23,0.757277,0.980478,0.666667,0.665008
24,0.740917,0.912631,0.693333,0.697112
25,0.729255,1.006641,0.640000,0.645217
26,0.736845,0.952898,0.686667,0.691117
27,0.704985,0.991818,0.680000,0.681768
28,0.712365,1.004515,0.693333,0.677312
29,0.734055,0.885894,0.686667,0.688040
30,0.709614,0.930474,0.713333,0.713991
31,0.687145,0.865884,0.706667,0.709021
32,0.667425,0.968103,0.700000,0.700069
33,0.642347,0.878907,0.706667,0.708823
34,0.623578,0.951485,0.666667,0.666752
35,0.649628,0.880543,0.700000,0.698497
36,0.622885,0.873434,0.713333,0.714240
37,0.588440,0.902536,0.726667,0.723568
38,0.578267,0.892980,0.700000,0.703023
SEED_1234_MILD_EXPANDED_SCALER_FIT=TRAIN_ONLY
SEED_1234_MILD_EXPANDED_MODEL_PARAMETERS=728494
=== SEED_1234_MILD_EXPANDED EPOCH METRICS ===
epoch,train_loss,val_loss,val_accuracy,val_macro_f1
1,1.655837,1.290637,0.500000,0.457213
2,1.101225,1.066563,0.586667,0.572314
3,1.034312,1.076736,0.686667,0.680531
4,0.977114,0.990261,0.646667,0.645583
5,0.971994,0.986090,0.600000,0.582696
6,0.943466,0.978663,0.686667,0.664523
7,0.889308,0.987385,0.653333,0.648954
8,0.885675,1.087761,0.593333,0.572571
9,0.863405,0.922818,0.713333,0.693758
10,0.832516,0.905467,0.726667,0.713795
11,0.827387,0.967976,0.693333,0.667683
12,0.814895,0.889466,0.720000,0.721155
13,0.820202,0.986716,0.713333,0.682695
14,0.779573,0.901942,0.686667,0.684973
15,0.802494,0.911733,0.713333,0.714855
16,0.766001,0.904034,0.693333,0.684316
17,0.791018,0.944460,0.693333,0.678139
18,0.828957,0.884282,0.693333,0.693309
19,0.759416,0.865751,0.720000,0.710025
20,0.757345,0.883442,0.713333,0.715124
21,0.733834,0.937907,0.693333,0.670502
22,0.754298,0.965352,0.693333,0.686620
23,0.755279,0.983513,0.646667,0.641535
24,0.722597,1.008384,0.680000,0.667723
25,0.707549,0.937596,0.680000,0.680908
26,0.716591,0.896989,0.720000,0.711267
=== SEED 1234 STRICT_EXPANDED RESULT ===
best_epoch=31
stop_epoch=38
val_loss=0.865884
accuracy=0.706667
macro_f1=0.709021
highest_macro_f1=0.723568 epoch=37 diagnostic_only=True
class,recall,f1
WALK,0.833333,0.793651
BIKE,0.766667,0.793103
CAR,0.566667,0.531250
BUS,0.633333,0.655172
SUBWAY,0.733333,0.771930
=== SEED 1234 MILD_EXPANDED RESULT ===
best_epoch=19
stop_epoch=26
val_loss=0.865751
accuracy=0.720000
macro_f1=0.710025
highest_macro_f1=0.721155 epoch=12 diagnostic_only=True
class,recall,f1
WALK,0.966667,0.828571
BIKE,0.766667,0.836364
CAR,0.366667,0.440000
BUS,0.766667,0.686567
SUBWAY,0.733333,0.758621
=== SEED 1234 MILD - STRICT ===
accuracy_delta=0.013333
macro_f1_delta=0.001003
=== FIVE-SEED AGGREGATE ===
std_definition=population_ddof_0
strict_accuracy_mean=0.698667
strict_accuracy_std=0.004989
mild_accuracy_mean=0.730667
mild_accuracy_std=0.006799
strict_macro_f1_mean=0.697121
strict_macro_f1_std=0.006688
mild_macro_f1_mean=0.722761
mild_macro_f1_std=0.011292
accuracy_delta_mean=0.032000
accuracy_delta_std=0.011470
macro_f1_delta_mean=0.025641
macro_f1_delta_std=0.015695
mild_accuracy_higher_seeds=5/5
mild_macro_f1_higher_seeds=5/5
STATISTICAL_SIGNIFICANCE_CLAIMED=False
TRAINING_STATUS=COMPLETED
