/usr/local/lib/python3.13/dist-packages/torch/nn/modules/linear.py:134: UserWarning: Requested unified CUBLASLT workspace size of 1048576 bytes exceeds CUBLAS workspace size of 131072 bytes. Please increase CUBLAS workspace size via CUBLAS_WORKSPACE_CONFIG or decrease requested CUBLASLT_WORKSPACE_SIZE. Otherwise CUBLASLT workspace size will be limited to the CUBLAS workspace size. (Triggered internally at /pytorch/aten/src/ATen/cuda/CublasHandlePool.cpp:228.)
  return F.linear(input, self.weight, self.bias)
PYTHON_VERSION=3.13.15
TORCH_VERSION=2.11.0+cu128
CUDA_AVAILABLE=True
GPU_NAME=Tesla T4
DEVICE=cuda
PREDECLARED_ROBUSTNESS_SEEDS=316,42,2026,5858,1234
SEEDS_SELECTED_AFTER_PERFORMANCE=False
CONFIG=window_size=200,feature_size=1,num_classes=5,d_model=128,nhead=8,num_layers=4,kv_heads=4,dropout=0.1,batch_size=64,learning_rate=0.0002,weight_decay=0.0001,gradient_clip=1.0,max_epochs=50,patience=7,criterion=CrossEntropyLoss,optimizer=AdamW,checkpoint=Validation_loss
STRICT_LARGE_SHA256=5CC827DAB88D17F68C5EF7F1A09127A81E8B5F683990EDAB0CC7D00302C275FA
MILD_LARGE_SHA256=E7638533CC73B91E5F9BFB065344B7993D9E666E1CD3A4D5B97DEF48863AC4C8
REFERENCE_COMMIT=2c0e7ac2aa52813c0899b2f8ba7c6394ace2e959
REFERENCE_MODEL=models/transformer/model_utils.py:TrajectoryTransformer
VALIDATION_IDENTICAL=True
STRICT_LARGE_TRAIN_COUNTS=300,300,300,300,300
MILD_LARGE_TRAIN_COUNTS=300,300,300,300,300
VALIDATION_COUNTS=30,30,30,30,30
COMMON_STRICT_COUNTS=271,271,271,271,271
STRICT_ONLY_COUNTS=29,29,29,29,29
MILD_ONLY_COUNTS=29,29,29,29,29
INTERNAL_TEST_USED=False
=== SEED 316 START ===
SEED_316_STRICT_LARGE_SCALER_FIT=TRAIN_ONLY
SEED_316_STRICT_LARGE_MODEL_PARAMETERS=728494
=== SEED_316_STRICT_LARGE EPOCH METRICS ===
epoch,train_loss,val_loss,val_accuracy,val_macro_f1
1,1.257378,1.053556,0.626667,0.618580
2,0.993703,1.008472,0.720000,0.719457
3,0.963262,0.919798,0.706667,0.701355
4,0.873139,0.936878,0.733333,0.730828
5,0.883779,1.007537,0.700000,0.693877
6,0.874544,0.927209,0.713333,0.711002
7,0.835730,0.903724,0.733333,0.730640
8,0.852360,0.924148,0.746667,0.750336
9,0.831969,0.902287,0.740000,0.736028
10,0.823009,0.941793,0.686667,0.694874
11,0.819425,0.917596,0.720000,0.718534
12,0.809929,0.943088,0.720000,0.710608
13,0.806167,0.890426,0.700000,0.699176
14,0.768815,0.941287,0.660000,0.660819
15,0.772028,0.898840,0.706667,0.707010
16,0.740157,0.861619,0.713333,0.714054
17,0.749636,0.961494,0.673333,0.675480
18,0.744501,0.946748,0.646667,0.655067
19,0.722167,0.830000,0.733333,0.735815
20,0.734444,0.864003,0.720000,0.710290
21,0.711432,0.794919,0.740000,0.733297
22,0.704789,0.776611,0.766667,0.765152
23,0.695472,0.801277,0.740000,0.737025
24,0.671543,0.876818,0.720000,0.720374
25,0.676713,0.831491,0.726667,0.715789
26,0.650196,0.869625,0.706667,0.703809
27,0.647136,0.848758,0.733333,0.731930
28,0.635370,0.851141,0.720000,0.712141
29,0.640535,0.825620,0.726667,0.715860
SEED_316_MILD_LARGE_SCALER_FIT=TRAIN_ONLY
SEED_316_MILD_LARGE_MODEL_PARAMETERS=728494
=== SEED_316_MILD_LARGE EPOCH METRICS ===
epoch,train_loss,val_loss,val_accuracy,val_macro_f1
1,1.299401,1.062465,0.600000,0.593595
2,1.003725,1.001506,0.673333,0.656300
3,0.935037,0.926250,0.733333,0.730136
4,0.904586,0.978859,0.700000,0.690520
5,0.906045,0.972586,0.713333,0.696002
6,0.888842,0.951720,0.686667,0.665923
7,0.876033,0.852598,0.740000,0.734627
8,0.842578,0.866267,0.720000,0.714459
9,0.807774,0.918578,0.693333,0.669648
10,0.836259,0.881885,0.720000,0.695118
11,0.823182,0.978907,0.726667,0.716477
12,0.808408,0.853688,0.726667,0.713873
13,0.778399,0.837725,0.713333,0.706807
14,0.769213,0.824510,0.753333,0.750001
15,0.764776,0.879667,0.733333,0.734742
16,0.757438,0.908723,0.713333,0.715223
17,0.741117,0.842582,0.713333,0.714571
18,0.719588,0.875662,0.713333,0.712348
19,0.715191,0.880988,0.720000,0.713713
20,0.711956,0.809275,0.686667,0.692838
21,0.764706,0.835705,0.766667,0.760740
22,0.715060,0.817137,0.726667,0.727419
23,0.681512,0.751897,0.760000,0.753606
24,0.678172,0.768699,0.720000,0.720520
25,0.678998,0.782147,0.713333,0.716783
26,0.651412,0.823621,0.753333,0.749165
27,0.634096,0.751752,0.766667,0.759809
28,0.635378,0.812920,0.733333,0.730209
29,0.621523,0.845486,0.700000,0.690575
30,0.619263,0.795685,0.740000,0.732746
31,0.596805,0.836434,0.740000,0.736735
32,0.601164,0.822855,0.706667,0.701682
33,0.569777,0.826479,0.706667,0.701113
34,0.578467,0.844644,0.733333,0.716187
=== SEED 316 STRICT_LARGE RESULT ===
best_epoch=22
stop_epoch=29
val_loss=0.776611
accuracy=0.766667
macro_f1=0.765152
highest_macro_f1=0.765152 epoch=22 diagnostic_only=True
class,recall,f1
WALK,0.966667,0.878788
BIKE,0.800000,0.857143
CAR,0.566667,0.576271
BUS,0.700000,0.700000
SUBWAY,0.800000,0.813559
=== SEED 316 MILD_LARGE RESULT ===
best_epoch=27
stop_epoch=34
val_loss=0.751752
accuracy=0.766667
macro_f1=0.759809
highest_macro_f1=0.760740 epoch=21 diagnostic_only=True
class,recall,f1
WALK,0.966667,0.852941
BIKE,0.800000,0.827586
CAR,0.466667,0.518519
BUS,0.733333,0.733333
SUBWAY,0.866667,0.866667
=== SEED 316 MILD - STRICT ===
accuracy_delta=0.000000
macro_f1_delta=-0.005343
=== SEED 42 START ===
SEED_42_STRICT_LARGE_SCALER_FIT=TRAIN_ONLY
SEED_42_STRICT_LARGE_MODEL_PARAMETERS=728494
=== SEED_42_STRICT_LARGE EPOCH METRICS ===
epoch,train_loss,val_loss,val_accuracy,val_macro_f1
1,1.296592,1.119399,0.600000,0.581433
2,1.013634,1.073452,0.546667,0.516343
3,0.971496,1.034431,0.680000,0.677811
4,0.943455,0.994253,0.693333,0.674796
5,0.919084,1.077682,0.566667,0.548153
6,0.871098,0.990412,0.686667,0.681133
7,0.861415,0.900821,0.686667,0.638201
8,0.833929,0.875947,0.720000,0.715539
9,0.813027,0.907619,0.700000,0.690431
10,0.800139,0.918049,0.686667,0.666518
11,0.784787,0.944312,0.680000,0.673932
12,0.779868,0.846246,0.713333,0.706464
13,0.775888,0.895659,0.700000,0.679416
14,0.748134,0.804035,0.726667,0.697397
15,0.732425,0.908630,0.700000,0.684307
16,0.777568,0.810533,0.753333,0.738899
17,0.730063,0.810740,0.753333,0.724299
18,0.712358,0.846443,0.733333,0.714573
19,0.713405,0.789682,0.773333,0.769593
20,0.709991,0.826741,0.720000,0.711484
21,0.707951,0.735705,0.766667,0.758163
22,0.672444,0.805076,0.753333,0.741005
23,0.659586,0.865349,0.720000,0.672628
24,0.653691,0.875350,0.726667,0.718566
25,0.645410,0.820768,0.740000,0.722534
26,0.628231,0.797548,0.753333,0.740519
27,0.616748,0.907275,0.700000,0.699694
28,0.600682,0.803944,0.700000,0.694251
SEED_42_MILD_LARGE_SCALER_FIT=TRAIN_ONLY
SEED_42_MILD_LARGE_MODEL_PARAMETERS=728494
=== SEED_42_MILD_LARGE EPOCH METRICS ===
epoch,train_loss,val_loss,val_accuracy,val_macro_f1
1,1.293651,1.049427,0.606667,0.581865
2,1.015588,1.062739,0.646667,0.627397
3,0.949764,1.006562,0.706667,0.680440
4,0.926281,0.934077,0.726667,0.716538
5,0.889725,0.945519,0.693333,0.680278
6,0.871116,0.944042,0.693333,0.686506
7,0.891916,0.953207,0.666667,0.658083
8,0.868347,0.882707,0.753333,0.745141
9,0.829520,0.944290,0.720000,0.701240
10,0.845556,0.906919,0.726667,0.705135
11,0.838207,0.912549,0.720000,0.670862
12,0.808417,0.847766,0.740000,0.730983
13,0.783185,0.953298,0.720000,0.714180
14,0.771033,0.887520,0.713333,0.675025
15,0.769596,0.921247,0.733333,0.715704
16,0.775801,0.848580,0.720000,0.710124
17,0.745762,0.829340,0.726667,0.714819
18,0.751623,0.868942,0.626667,0.635111
19,0.734781,0.835974,0.713333,0.709556
20,0.727887,0.812415,0.733333,0.729603
21,0.726191,0.864986,0.713333,0.704184
22,0.693282,0.799457,0.740000,0.735986
23,0.675084,0.820502,0.746667,0.738110
24,0.678530,0.845582,0.686667,0.682218
25,0.677789,0.854954,0.680000,0.679301
26,0.649394,0.824858,0.713333,0.706791
27,0.642684,0.802526,0.740000,0.733296
28,0.616633,0.805947,0.726667,0.705875
29,0.607392,0.867027,0.700000,0.693354
=== SEED 42 STRICT_LARGE RESULT ===
best_epoch=21
stop_epoch=28
val_loss=0.735705
accuracy=0.766667
macro_f1=0.758163
highest_macro_f1=0.769593 epoch=19 diagnostic_only=True
class,recall,f1
WALK,1.000000,0.882353
BIKE,0.766667,0.821429
CAR,0.466667,0.528302
BUS,0.733333,0.733333
SUBWAY,0.866667,0.825397
=== SEED 42 MILD_LARGE RESULT ===
best_epoch=22
stop_epoch=29
val_loss=0.799457
accuracy=0.740000
macro_f1=0.735986
highest_macro_f1=0.745141 epoch=8 diagnostic_only=True
class,recall,f1
WALK,0.900000,0.843750
BIKE,0.800000,0.872727
CAR,0.466667,0.509091
BUS,0.666667,0.689655
SUBWAY,0.866667,0.764706
=== SEED 42 MILD - STRICT ===
accuracy_delta=-0.026667
macro_f1_delta=-0.022177
=== SEED 2026 START ===
SEED_2026_STRICT_LARGE_SCALER_FIT=TRAIN_ONLY
SEED_2026_STRICT_LARGE_MODEL_PARAMETERS=728494
=== SEED_2026_STRICT_LARGE EPOCH METRICS ===
epoch,train_loss,val_loss,val_accuracy,val_macro_f1
1,1.180551,1.000140,0.680000,0.662473
2,0.963262,1.030509,0.666667,0.645695
3,0.944718,0.936313,0.713333,0.713856
4,0.903390,0.894354,0.726667,0.721422
5,0.883338,0.910907,0.700000,0.656011
6,0.856081,0.869527,0.726667,0.723880
7,0.850144,0.883854,0.726667,0.722883
8,0.827411,0.892387,0.760000,0.757984
9,0.831186,0.917015,0.680000,0.635269
10,0.809099,0.832352,0.733333,0.723952
11,0.797285,0.923556,0.693333,0.690738
12,0.791362,0.869650,0.680000,0.678344
13,0.787261,0.822369,0.700000,0.699307
14,0.753435,0.839414,0.740000,0.740076
15,0.741357,0.788011,0.753333,0.751085
16,0.737172,0.752237,0.746667,0.739101
17,0.730798,0.806009,0.740000,0.739644
18,0.724061,0.743381,0.740000,0.737131
19,0.712116,0.774280,0.726667,0.723584
20,0.690961,0.852630,0.726667,0.731639
21,0.680794,0.811313,0.760000,0.746362
22,0.684440,0.789585,0.733333,0.715966
23,0.642865,0.740904,0.713333,0.710760
24,0.641556,0.804561,0.720000,0.710668
25,0.650724,0.874153,0.713333,0.714955
26,0.648712,0.810697,0.726667,0.719421
27,0.617569,0.792168,0.746667,0.744390
28,0.624272,0.813456,0.733333,0.732782
29,0.613460,0.842975,0.733333,0.725249
30,0.597316,0.934455,0.713333,0.705615
SEED_2026_MILD_LARGE_SCALER_FIT=TRAIN_ONLY
SEED_2026_MILD_LARGE_MODEL_PARAMETERS=728494
=== SEED_2026_MILD_LARGE EPOCH METRICS ===
epoch,train_loss,val_loss,val_accuracy,val_macro_f1
1,1.181965,1.081684,0.666667,0.646451
2,0.988441,0.901623,0.720000,0.718672
3,0.930669,0.851085,0.700000,0.695024
4,0.914513,0.972511,0.673333,0.681168
5,0.885620,0.891142,0.726667,0.711380
6,0.868446,0.902870,0.706667,0.693731
7,0.843823,0.947420,0.693333,0.632503
8,0.874725,0.866265,0.713333,0.698563
9,0.865742,0.968908,0.686667,0.687710
10,0.849534,0.906201,0.686667,0.679790
=== SEED 2026 STRICT_LARGE RESULT ===
best_epoch=23
stop_epoch=30
val_loss=0.740904
accuracy=0.713333
macro_f1=0.710760
highest_macro_f1=0.757984 epoch=8 diagnostic_only=True
class,recall,f1
WALK,0.900000,0.843750
BIKE,0.800000,0.813559
CAR,0.533333,0.533333
BUS,0.566667,0.596491
SUBWAY,0.766667,0.766667
=== SEED 2026 MILD_LARGE RESULT ===
best_epoch=3
stop_epoch=10
val_loss=0.851085
accuracy=0.700000
macro_f1=0.695024
highest_macro_f1=0.718672 epoch=2 diagnostic_only=True
class,recall,f1
WALK,0.900000,0.805970
BIKE,0.733333,0.814815
CAR,0.400000,0.480000
BUS,0.733333,0.628571
SUBWAY,0.733333,0.745763
=== SEED 2026 MILD - STRICT ===
accuracy_delta=-0.013333
macro_f1_delta=-0.015736
=== SEED 5858 START ===
SEED_5858_STRICT_LARGE_SCALER_FIT=TRAIN_ONLY
SEED_5858_STRICT_LARGE_MODEL_PARAMETERS=728494
=== SEED_5858_STRICT_LARGE EPOCH METRICS ===
epoch,train_loss,val_loss,val_accuracy,val_macro_f1
1,1.236137,1.076957,0.613333,0.608745
2,1.026444,1.062562,0.673333,0.650498
3,0.975125,0.970696,0.673333,0.630931
4,0.896935,0.934720,0.673333,0.670783
5,0.882142,0.875686,0.733333,0.732823
6,0.859843,0.998536,0.686667,0.671968
7,0.868557,0.888076,0.680000,0.668631
8,0.828268,0.932564,0.680000,0.680411
9,0.827610,0.905883,0.660000,0.660958
10,0.820259,0.865813,0.686667,0.664367
11,0.798002,0.846492,0.713333,0.711728
12,0.788243,0.867365,0.720000,0.698642
13,0.774397,0.813594,0.720000,0.719215
14,0.770583,0.850890,0.726667,0.724937
15,0.760952,0.984201,0.613333,0.597272
16,0.747549,0.891203,0.693333,0.696015
17,0.763427,0.843500,0.706667,0.708010
18,0.724355,0.844793,0.720000,0.715161
19,0.720508,0.875738,0.746667,0.738039
20,0.738461,0.825824,0.720000,0.701738
SEED_5858_MILD_LARGE_SCALER_FIT=TRAIN_ONLY
SEED_5858_MILD_LARGE_MODEL_PARAMETERS=728494
=== SEED_5858_MILD_LARGE EPOCH METRICS ===
epoch,train_loss,val_loss,val_accuracy,val_macro_f1
1,1.216749,0.988514,0.613333,0.604622
2,1.020619,1.097857,0.566667,0.515707
3,0.954621,0.995432,0.593333,0.586799
4,0.928104,1.002929,0.666667,0.607181
5,0.912276,0.978120,0.680000,0.674545
6,0.878273,0.931078,0.720000,0.712063
7,0.865294,0.916040,0.726667,0.725480
8,0.856345,0.878247,0.693333,0.677845
9,0.832855,0.983990,0.713333,0.702759
10,0.831895,0.908849,0.733333,0.725823
11,0.819829,0.880323,0.686667,0.672640
12,0.814464,0.887859,0.666667,0.655040
13,0.775602,0.805544,0.740000,0.734121
14,0.784619,0.800870,0.740000,0.736004
15,0.759486,0.833750,0.720000,0.718275
16,0.738216,0.852031,0.733333,0.729658
17,0.751318,0.808559,0.700000,0.700507
18,0.719853,0.805538,0.720000,0.713378
19,0.720052,0.798434,0.740000,0.731938
20,0.704966,0.831950,0.680000,0.668225
21,0.689360,0.757086,0.733333,0.731661
22,0.679118,0.763737,0.760000,0.759241
23,0.694669,0.798695,0.720000,0.716886
24,0.698732,0.910093,0.633333,0.634329
25,0.676811,0.852583,0.726667,0.716287
26,0.651240,0.861008,0.680000,0.680284
27,0.631480,0.878383,0.740000,0.739663
28,0.651889,0.786238,0.740000,0.737996
=== SEED 5858 STRICT_LARGE RESULT ===
best_epoch=13
stop_epoch=20
val_loss=0.813594
accuracy=0.720000
macro_f1=0.719215
highest_macro_f1=0.738039 epoch=19 diagnostic_only=True
class,recall,f1
WALK,0.933333,0.848485
BIKE,0.733333,0.814815
CAR,0.466667,0.500000
BUS,0.733333,0.647059
SUBWAY,0.733333,0.785714
=== SEED 5858 MILD_LARGE RESULT ===
best_epoch=21
stop_epoch=28
val_loss=0.757086
accuracy=0.733333
macro_f1=0.731661
highest_macro_f1=0.759241 epoch=22 diagnostic_only=True
class,recall,f1
WALK,0.866667,0.825397
BIKE,0.733333,0.830189
CAR,0.500000,0.526316
BUS,0.700000,0.688525
SUBWAY,0.866667,0.787879
=== SEED 5858 MILD - STRICT ===
accuracy_delta=0.013333
macro_f1_delta=0.012446
=== SEED 1234 START ===
SEED_1234_STRICT_LARGE_SCALER_FIT=TRAIN_ONLY
SEED_1234_STRICT_LARGE_MODEL_PARAMETERS=728494
=== SEED_1234_STRICT_LARGE EPOCH METRICS ===
epoch,train_loss,val_loss,val_accuracy,val_macro_f1
1,1.367532,1.050416,0.600000,0.587686
2,1.036950,1.042130,0.660000,0.640831
3,0.972151,0.929642,0.686667,0.675837
4,0.921395,0.926238,0.700000,0.690599
5,0.893131,0.917131,0.720000,0.716431
6,0.867482,0.930100,0.653333,0.628054
7,0.902522,0.972831,0.673333,0.667783
8,0.863174,0.846757,0.700000,0.690362
9,0.834284,0.917632,0.666667,0.649906
10,0.806148,0.893769,0.660000,0.647913
11,0.786616,0.881793,0.706667,0.708504
12,0.795733,0.936957,0.673333,0.651497
13,0.799769,0.921398,0.693333,0.676499
14,0.784151,0.852726,0.686667,0.680529
15,0.746597,0.834194,0.713333,0.712989
16,0.745451,0.846858,0.706667,0.701120
17,0.740145,0.955670,0.666667,0.643774
18,0.705519,0.946482,0.673333,0.664338
19,0.727318,0.869111,0.713333,0.709098
20,0.691460,0.940471,0.686667,0.668133
21,0.720397,0.791869,0.740000,0.722806
22,0.700883,0.855642,0.720000,0.697160
23,0.667803,0.834405,0.746667,0.738969
24,0.681375,0.831214,0.740000,0.740465
25,0.673113,0.814088,0.746667,0.724867
26,0.667331,0.954745,0.680000,0.658288
27,0.659649,0.832647,0.713333,0.716662
28,0.624038,0.971942,0.706667,0.681877
SEED_1234_MILD_LARGE_SCALER_FIT=TRAIN_ONLY
SEED_1234_MILD_LARGE_MODEL_PARAMETERS=728494
=== SEED_1234_MILD_LARGE EPOCH METRICS ===
epoch,train_loss,val_loss,val_accuracy,val_macro_f1
1,1.377744,1.029675,0.633333,0.606817
2,1.048555,0.980272,0.640000,0.637011
3,0.975609,1.092129,0.620000,0.570650
4,0.960695,0.974849,0.680000,0.661560
5,0.918336,0.913037,0.700000,0.684635
6,0.880605,0.979001,0.693333,0.691606
7,0.888148,0.951112,0.693333,0.671989
8,0.849389,0.930523,0.700000,0.690000
9,0.835978,0.911611,0.720000,0.717461
10,0.813026,0.852490,0.706667,0.698743
11,0.815008,0.818093,0.726667,0.719681
12,0.777734,0.830891,0.720000,0.721719
13,0.776795,0.786553,0.746667,0.746716
14,0.747868,0.772873,0.753333,0.748537
15,0.747655,0.771742,0.733333,0.721517
16,0.719584,0.796870,0.733333,0.726614
17,0.725276,0.921902,0.713333,0.713614
18,0.725103,0.825613,0.706667,0.700931
19,0.727436,0.814994,0.740000,0.741858
20,0.702552,0.928741,0.680000,0.661176
21,0.705551,0.833969,0.733333,0.733474
22,0.681419,0.812734,0.706667,0.709051
=== SEED 1234 STRICT_LARGE RESULT ===
best_epoch=21
stop_epoch=28
val_loss=0.791869
accuracy=0.740000
macro_f1=0.722806
highest_macro_f1=0.740465 epoch=24 diagnostic_only=True
class,recall,f1
WALK,0.966667,0.852941
BIKE,0.766667,0.836364
CAR,0.300000,0.382979
BUS,0.833333,0.735294
SUBWAY,0.833333,0.806452
=== SEED 1234 MILD_LARGE RESULT ===
best_epoch=15
stop_epoch=22
val_loss=0.771742
accuracy=0.733333
macro_f1=0.721517
highest_macro_f1=0.748537 epoch=14 diagnostic_only=True
class,recall,f1
WALK,0.966667,0.840580
BIKE,0.766667,0.821429
CAR,0.366667,0.448980
BUS,0.733333,0.676923
SUBWAY,0.833333,0.819672
=== SEED 1234 MILD - STRICT ===
accuracy_delta=-0.006667
macro_f1_delta=-0.001289
=== FIVE-SEED AGGREGATE ===
std_definition=population_ddof_0
strict_accuracy_mean=0.741333
strict_accuracy_std=0.022470
mild_accuracy_mean=0.734667
mild_accuracy_std=0.021250
strict_macro_f1_mean=0.735219
strict_macro_f1_std=0.022049
mild_macro_f1_mean=0.728799
mild_macro_f1_std=0.021049
accuracy_delta_mean=-0.006667
accuracy_delta_std=0.013333
macro_f1_delta_mean=-0.006420
macro_f1_delta_std=0.011987
mild_accuracy_higher_seeds=1/5
mild_macro_f1_higher_seeds=1/5
STATISTICAL_SIGNIFICANCE_CLAIMED=False
TRAINING_STATUS=COMPLETED
